1  578385408
2  0
3  0
4  0
6  0
9  0
10  0
11  0
12  0
13  0
14  0
15  0
16  0
17  0
18  0
19  0
20  0
21  0
22  0
23  0
24  0
70  0
71  0
72  0
73  0
74  0
75  0
76  0
77  0
78  0
81  0
82  0
84  0
85  0
86  0
87  0
88  0
89  0
91  0
93  0
102  0
105  0
118  0
119  0
160  0
161  0
183  0
184  0
223  40648704
250  0
251  0
253  12042240
254  606208
257  1380352
259  25165824
260  1458176
262  3395584
265  618496
269  56139776
270  589824
272  19890176
297  0
342  0
443  4866048
444  237568
472  5902336
473  94208
476  479232
477  3043328
478  4591616
479  1581056
480  12214272
488  9674752
489  3796992
492  1208320
493  83336192
494  249856
503  1767936
508  4276224
511  3272704
526  0
556  1941504
571  3362816
579  4448256
581  40960
587  8433664
649  716800
653  0
655  172032
732  69632
835  307200
959  6483968
1171  15478784
1374  3309568
1386  608542720
1388  0
1394  10268672
1398  3964928
1401  2019328
1403  1286144
1407  10489856
1412  348160
1430  618496
1437  512000
1441  13242368
1443  557056
1445  10145792
1452  700416
1457  249856
1461  294912
1467  249856
1486  282624
1491  7319552
1566  0
1583  667648
1590  24576
1591  1777664
1594  884736
1596  20480
1599  286720
1604  131072
1610  131072
1617  245760
1619  1560576
1627  827392
1630  155648
1639  1810432
1647  385024
1654  344064
1663  0
1669  8814592
1683  591675392
1708  9523200
1716  5382144
1736  339968
1745  11358208
1753  0
1762  0
1763  974848
1767  77824
1768  434176
1774  110592
1775  987136
1780  647168
1781  1052672
1784  0
1785  28672
1787  28672
1790  36864
1791  200704
1795  0
1800  262144
1801  4096
1803  4096
1807  2727936
1842  3383296
1861  208896
1894  552960
1938  1994752
2152  69885952
3256  40960
3269  102400
3410  55230464
5653  5296128
5664  34820096
248796  121815040
248853  4870144
248894  0
248923  667648
248973  10436608
249158  7639040
249203  651264
249317  4096
252979  827392
254869  0
276183  0
287162  0
346041  0
347873  0
347874  0
